[gd_scene load_steps=8 format=3 uid="uid://bo0n252v6jkej"]

[ext_resource type="PackedScene" path="res://Player/Player.tscn" id="1_kvbqm"]
[ext_resource type="Texture2D" uid="uid://oy8hvo0bc0x7" path="res://assets/space_background.png" id="2_slbfi"]

[sub_resource type="PanoramaSkyMaterial" id="PanoramaSkyMaterial_u3ccx"]
panorama = ExtResource("2_slbfi")

[sub_resource type="Sky" id="Sky_4hisd"]
sky_material = SubResource("PanoramaSkyMaterial_u3ccx")

[sub_resource type="Environment" id="Environment_ducc1"]
background_mode = 2
sky = SubResource("Sky_4hisd")

[sub_resource type="StandardMaterial3D" id="StandardMaterial3D_4lsuk"]

[sub_resource type="BoxMesh" id="BoxMesh_n6oiw"]
material = SubResource("StandardMaterial3D_4lsuk")

[node name="GameWorld" type="Node3D"]

[node name="CharacterBody3D" parent="." instance=ExtResource("1_kvbqm")]
transform = Transform3D(1, 0, 0, 0, 1, 0, 0, 0, 1, 0, 1.87004, 0)

[node name="SpotLight3D" type="SpotLight3D" parent="CharacterBody3D"]
transform = Transform3D(1, 0, 0, 0, -0.544493, 0.838766, 0, -0.838766, -0.544493, 0, 1.99843, -5.28008)
light_energy = 16.0
light_indirect_energy = 1.73
spot_range = 5.49627
spot_angle = 78.8527

[node name="SpotLight3D2" type="SpotLight3D" parent="CharacterBody3D"]
transform = Transform3D(1, 0, 0, 0, -0.544493, 0.838766, 0, -0.838766, -0.544493, 4.86603, 1.99843, -3.70407)
light_energy = 16.0
light_indirect_energy = 1.73
spot_range = 5.49627
spot_angle = 78.8527

[node name="SpotLight3D3" type="SpotLight3D" parent="CharacterBody3D"]
transform = Transform3D(1, 0, 0, 0, -0.544493, 0.838766, 0, -0.838766, -0.544493, -3.41617, 1.99843, -3.70407)
light_energy = 16.0
light_indirect_energy = 1.73
spot_range = 5.49627
spot_angle = 78.8527

[node name="WorldEnvironment" type="WorldEnvironment" parent="."]
environment = SubResource("Environment_ducc1")

[node name="OmniLight3D" type="OmniLight3D" parent="."]
transform = Transform3D(1, 0, 0, 0, 0.707107, 0.707107, 0, -0.707107, 0.707107, 0, 12, -9.21337)
light_energy = 16.0

[node name="MeshInstance3D" type="MeshInstance3D" parent="."]
transform = Transform3D(1, 0, 0, 0, 1, 0, 0, 0, 1, -13.9199, -46.8368, 36.4716)
mesh = SubResource("BoxMesh_n6oiw")

[node name="MeshInstance3D2" type="MeshInstance3D" parent="."]
transform = Transform3D(1, 0, 0, 0, 1, 0, 0, 0, 1, -2.51703, 4.53262, 17.2613)
mesh = SubResource("BoxMesh_n6oiw")

[node name="MeshInstance3D3" type="MeshInstance3D" parent="."]
transform = Transform3D(1, 0, 0, 0, 1, 0, 0, 0, 1, 17.8199, -10.2219, 43.7241)
mesh = SubResource("BoxMesh_n6oiw")

[node name="MeshInstance3D4" type="MeshInstance3D" parent="."]
transform = Transform3D(1, 0, 0, 0, 1, 0, 0, 0, 1, -36.5343, 0, 36.4716)
mesh = SubResource("BoxMesh_n6oiw")
